[[ 27  27  27  27  27  27  27  27  27  27  27  27  27  27  27  27  27  27
   27  27  27  27  27  27  27  27  27  27]
 [ 27  27  27  27  27  27  27  27  27  27  27  27  27  27  27  27  27  27
   27  27  27  27  27  27  27  27  27  27]
 [ 27  27  27  27  27  27  27  27  27  27  27  27  27  27  27  27  27  27
   27  27  27  27  27  27  27  27  27  27]
 [ 27  27  27  27  27  27  27  27  27  27  27  27  27  27  27  27  27  27
   27  27  27  27  27  27  27  27  27  27]
 [ 27  27  27  27  27  27  27  27  27  27  27  27  27  27  27  27  27  27
   27  27  27  27  27  27  27  27  27  27]
 [ 27  27  27  27  28  35  48  57  57  44  37  27  27  26  27  27  27  27
   27  27  27  27  27  27  27  27  27  27]
 [ 27  27  27  27  30  57  89 111 101  92  79  69  62  59  60  60  60  60
   60  57  46  33  24  25  27  27  27  27]
 [ 27  27  27  27  40  80 123 139 130 124 120 118 112 111 110 113 111 109
  109 104  83  48  27  22  27  27  27  27]
 [ 27  27  27  27  57  97 141 151 145 145 141 143 137 139 140 144 141 137
  148 148 123  61  26  24  27  27  27  27]
 [ 27  27  27  27  57  94 122 131 123 124 131 140 149 150 160 159 156 165
  195 203 144  68  27  28  27  27  27  27]
 [ 27  27  27  27  41  65  76  68  59  70  84  86  97 100 110 109 108 154
  202 204 111  33  19  26  27  27  27  27]
 [ 27  27  27  27  29  35  38  34  30  37  49  45  42  40  43  44  62 138
  202 168  79  12   7  19  27  27  27  27]
 [ 27  27  27  27  27  27  27  27  27  28  30  32  31  29  30  40  96 178
  213 149  54   9   8  20  27  27  27  27]
 [ 27  27  27  27  27  27  27  27  27  27  27  27  27  27  29  63 147 220
  190 106  27   4  13  26  27  27  27  27]
 [ 27  27  27  27  27  27  27  27  27  27  27  27  27  27  37 101 187 219
  149  51  10  10  22  27  27  27  27  27]
 [ 27  27  27  27  27  27  27  27  27  27  27  27  27  28  61 144 216 183
   96  21   3   9  24  27  27  27  27  27]
 [ 27  27  27  27  27  27  27  27  27  27  27  27  28  38 103 187 210 135
   40   5   9  23  27  27  27  27  27  27]
 [ 27  27  27  27  27  27  27  27  27  27  27  27  31  71 152 216 172  87
   16   5  15  27  27  27  27  27  27  27]
 [ 27  27  27  27  27  27  27  27  27  27  27  29  57 127 205 201 131  44
    9  10  23  27  27  27  27  27  27  27]
 [ 27  27  27  27  27  27  27  27  27  27  27  38 102 184 223 164  80  20
    4  16  27  27  27  27  27  27  27  27]
 [ 27  27  27  27  27  27  27  27  27  27  32  77 156 224 188 110  37   6
   10  23  27  27  27  27  27  27  27  27]
 [ 27  27  27  27  27  27  27  27  27  28  50 130 208 215 145  57  11   4
   16  27  27  27  27  27  27  27  27  27]
 [ 27  27  27  27  27  27  27  27  27  39  94 181 239 186  90  16   2  11
   25  27  27  27  27  27  27  27  27  27]
 [ 27  27  27  27  27  27  27  27  29  63 144 228 234 161  55   0   6  22
   27  27  27  27  27  27  27  27  27  27]
 [ 27  27  27  27  27  27  27  27  36  93 183 255 209 111  18   9  20  27
   27  27  27  27  27  27  27  27  27  27]
 [ 27  27  27  27  27  27  27  27  46 106 179 217 155  70  15  12  24  27
   27  27  27  27  27  27  27  27  27  27]
 [ 27  27  27  27  27  27  27  27  52 103 150 152  97  32   8  11  24  27
   27  27  27  27  27  27  27  27  27  27]
 [ 27  27  27  27  27  27  27  27  42  76 100  83  46  13   1  10  24  27
   27  27  27  27  27  27  27  27  27  27]]