[[127 127 127 127 127 127 127 127 127 127 127 127 127 127 127 127 127 127
  127 127 127 127 127 127 127 127 127 127]
 [127 127 127 127 127 127 127 127 127 127 127 127 127 127 127 127 127 127
  127 127 127 127 127 127 127 127 127 127]
 [127 127 127 127 127 127 127 127 127 127 127 127 127 127 127 127 127 127
  127 127 127 127 127 127 127 127 127 127]
 [127 127 127 127 127 127 127 127 127 127 127 127 127 127 127 127 127 127
  127 127 127 127 127 127 127 127 127 127]
 [127 127 127 127 127 127 127 127 127 127 127 127 127 127 127 127 127 127
  127 127 127 127 127 127 127 127 127 127]
 [127 127 127 127 134 144 152 166 170 173 158 148 135 130 127 127 127 127
  127 127 127 127 127 127 127 127 127 127]
 [127 127 127 127 148 164 197 223 242 237 223 215 206 201 197 197 197 197
  195 185 175 161 146 132 127 127 127 127]
 [127 127 127 127 143 165 191 206 204 209 213 226 241 249 254 253 254 255
  252 238 213 189 160 140 127 127 127 127]
 [127 127 127 127 135 141 145 130 103 107 125 140 163 173 185 184 185 200
  201 200 186 173 148 134 127 127 127 127]
 [127 127 127 127 124 107  90  54  25  30  49  59  67  71  79  80  83 105
  122 138 142 121 109 116 127 127 127 127]
 [127 127 127 127 117  98  73  52  29  25  26  19  15   5   8  10  24  50
   76 100  96  66  70 107 127 127 127 127]
 [127 127 127 127 124 117 110 103  96  87  75  62  54  43  41  51  72 107
  118 121  79  44  68 111 127 127 127 127]
 [127 127 127 127 127 127 127 127 127 126 123 120 116 114 114 137 164 180
  172 124  59  39  85 121 127 127 127 127]
 [127 127 127 127 127 127 127 127 127 127 127 127 127 127 140 167 191 186
  155  84  36  58 107 126 127 127 127 127]
 [127 127 127 127 127 127 127 127 127 127 127 127 127 128 151 176 182 163
  108  49  38  83 119 127 127 127 127 127]
 [127 127 127 127 127 127 127 127 127 127 127 127 127 137 162 180 174 141
   72  30  60 108 125 127 127 127 127 127]
 [127 127 127 127 127 127 127 127 127 127 127 127 133 154 178 184 168 115
   51  45  92 124 127 127 127 127 127 127]
 [127 127 127 127 127 127 127 127 127 127 127 128 148 172 198 188 156  84
   40  68 113 127 127 127 127 127 127 127]
 [127 127 127 127 127 127 127 127 127 127 127 144 164 200 206 184 113  52
   47  94 124 127 127 127 127 127 127 127]
 [127 127 127 127 127 127 127 127 127 127 130 157 184 204 189 135  62  30
   70 114 127 127 127 127 127 127 127 127]
 [127 127 127 127 127 127 127 127 127 129 147 173 197 194 152  70  26  46
   97 124 127 127 127 127 127 127 127 127]
 [127 127 127 127 127 127 127 127 127 139 162 195 197 178  98  36  32  80
  116 127 127 127 127 127 127 127 127 127]
 [127 127 127 127 127 127 127 127 132 154 182 213 193 148  73  42  69 108
  125 127 127 127 127 127 127 127 127 127]
 [127 127 127 127 127 127 127 127 139 166 197 214 181 123  63  69 102 123
  127 127 127 127 127 127 127 127 127 127]
 [127 127 127 127 127 127 127 127 143 172 187 178 135  83  47  68 114 127
  127 127 127 127 127 127 127 127 127 127]
 [127 127 127 127 127 127 127 127 135 142 138 107  47  12  25  72 118 127
  127 127 127 127 127 127 127 127 127 127]
 [127 127 127 127 127 127 127 127 127 115  92  47   3   0  41  89 121 127
  127 127 127 127 127 127 127 127 127 127]
 [127 127 127 127 127 127 127 127 121 101  75  47  30  37  80 113 125 127
  127 127 127 127 127 127 127 127 127 127]]