[[160 160 160 160 160 160 160 160 160 160 160 160 160 160 160 160 160 160
  160 160 160 160 160 160 160 160 160 160]
 [160 160 160 160 160 160 160 160 160 160 160 160 160 160 160 160 160 160
  160 160 160 160 160 160 160 160 160 160]
 [160 160 160 160 160 160 160 160 160 160 160 160 160 160 160 160 160 160
  160 160 160 160 160 160 160 160 160 160]
 [160 160 160 160 160 160 160 160 160 160 160 160 160 160 160 160 160 160
  160 160 160 160 160 160 160 160 160 160]
 [160 160 160 160 160 160 160 160 160 160 160 160 160 160 160 160 160 160
  160 160 160 160 160 160 160 160 160 160]
 [160 160 160 160 168 186 197 201 195 189 177 171 163 162 160 160 160 160
  160 160 160 160 160 160 160 160 160 160]
 [160 160 160 160 187 220 237 239 246 239 233 226 225 224 222 222 222 222
  219 205 187 175 169 163 160 160 160 160]
 [160 160 160 160 181 198 188 185 184 201 216 229 243 250 255 253 252 253
  252 233 201 183 173 166 160 160 160 160]
 [160 160 160 160 163 145 111  83  70  80 106 121 140 151 159 156 153 171
  191 183 156 157 162 161 160 160 160 160]
 [160 160 160 160 150 116  74  42  24  27  35  34  37  42  41  41  45  83
  110  90  86 109 135 150 160 160 160 160]
 [160 160 160 160 151 126 101  87  76  67  56  41  34  26  22  22  48  90
   82  43  52  84 115 147 160 160 160 160]
 [160 160 160 160 158 151 145 143 140 132 120 109 104  98  93 106 145 166
  109  60  58  86 123 152 160 160 160 160]
 [160 160 160 160 160 160 160 160 160 159 156 153 152 151 154 186 219 184
  100  56  67  98 139 158 160 160 160 160]
 [160 160 160 160 160 160 160 160 160 160 160 160 160 160 177 215 216 138
   66  51  77 118 152 160 160 160 160 160]
 [160 160 160 160 160 160 160 160 160 160 160 160 160 161 190 218 175  85
   45  61  95 137 157 160 160 160 160 160]
 [160 160 160 160 160 160 160 160 160 160 160 160 160 173 209 208 127  60
   51  79 122 154 160 160 160 160 160 160]
 [160 160 160 160 160 160 160 160 160 160 160 160 167 200 226 179  92  58
   73 105 144 159 160 160 160 160 160 160]
 [160 160 160 160 160 160 160 160 160 160 160 162 188 225 219 137  75  63
   89 127 155 160 160 160 160 160 160 160]
 [160 160 160 160 160 160 160 160 160 160 160 181 219 234 173  97  55  73
  106 145 159 160 160 160 160 160 160 160]
 [160 160 160 160 160 160 160 160 160 160 164 202 232 195 113  54  53  84
  129 156 160 160 160 160 160 160 160 160]
 [160 160 160 160 160 160 160 160 160 163 187 226 212 131  62  39  63 109
  147 159 160 160 160 160 160 160 160 160]
 [160 160 160 160 160 160 160 160 160 175 213 232 168  86  41  52  93 137
  157 160 160 160 160 160 160 160 160 160]
 [160 160 160 160 160 160 160 160 166 198 230 215 132  68  55  88 128 154
  160 160 160 160 160 160 160 160 160 160]
 [160 160 160 160 160 160 160 160 176 214 222 180 102  58  76 120 150 159
  160 160 160 160 160 160 160 160 160 160]
 [160 160 160 160 160 160 160 160 180 210 189 116  48  44  86 121 153 160
  160 160 160 160 160 160 160 160 160 160]
 [160 160 160 160 160 160 160 160 166 158 106  37   0  28  80 127 155 160
  160 160 160 160 160 160 160 160 160 160]
 [160 160 160 160 160 160 160 160 155 124  68  19  12  50 103 141 157 160
  160 160 160 160 160 160 160 160 160 160]
 [160 160 160 160 160 160 160 160 152 124  85  63  72 104 139 157 160 160
  160 160 160 160 160 160 160 160 160 160]]