[[164 164 164 164 164 164 164 164 164 164 164 164 164 164 164 164 164 164
  164 164 164 164 164 164 164 164 164 164]
 [164 164 164 164 164 164 164 164 164 164 164 164 164 164 164 164 164 164
  164 164 164 164 164 164 164 164 164 164]
 [164 164 164 164 164 164 164 164 164 164 164 164 164 164 164 164 164 164
  164 164 164 164 164 164 164 164 164 164]
 [164 164 164 164 164 164 164 164 164 164 164 164 164 164 164 164 164 164
  164 164 164 164 164 164 164 164 164 164]
 [164 164 164 164 164 164 164 164 164 164 164 164 164 164 164 164 164 164
  164 164 164 164 164 164 164 164 164 164]
 [164 164 164 164 165 166 173 189 198 200 190 180 170 166 164 164 164 164
  164 164 164 164 164 164 164 164 164 164]
 [164 164 164 164 157 141 153 177 212 232 237 235 222 214 209 209 209 209
  209 208 205 192 177 167 164 164 164 164]
 [164 164 164 164 135 104  95 104 144 163 184 202 210 209 204 205 206 206
  207 221 236 233 206 176 164 164 164 164]
 [164 164 164 164 132  98  69  61  97 109 111 120 128 131 129 129 137 136
  134 169 217 241 225 186 164 164 164 164]
 [164 164 164 164 132  93  65  63  98 107 100 108 103 106 102  97 111  92
   85 132 199 245 235 189 164 164 164 164]
 [164 164 164 164 139 112  99  97 110 101  89  95  93 102  99  95  99  61
   67 124 190 246 238 187 164 164 164 164]
 [164 164 164 164 158 150 149 146 143 134 118 119 116 121 120 115  98  58
   67 118 192 248 225 181 164 164 164 164]
 [164 164 164 164 164 164 164 164 164 163 157 158 156 154 155 140 104  67
   75 129 204 242 204 171 164 164 164 164]
 [164 164 164 164 164 164 164 164 164 164 164 164 164 164 159 123  77  63
  100 172 229 221 184 165 164 164 164 164]
 [164 164 164 164 164 164 164 164 164 164 164 164 164 164 147  95  56  68
  129 207 236 202 172 164 164 164 164 164]
 [164 164 164 164 164 164 164 164 164 164 164 164 164 164 128  73  60  96
  173 234 216 181 166 164 164 164 164 164]
 [164 164 164 164 164 164 164 164 164 164 164 164 165 152 103  67  81 137
  214 237 196 168 164 164 164 164 164 164]
 [164 164 164 164 164 164 164 164 164 164 164 164 158 125  86  78 115 178
  233 216 178 165 164 164 164 164 164 164]
 [164 164 164 164 164 164 164 164 164 164 164 163 136 106  80  94 150 212
  232 195 167 164 164 164 164 164 164 164]
 [164 164 164 164 164 164 164 164 164 164 164 143 103  77  77 124 186 231
  213 178 164 164 164 164 164 164 164 164]
 [164 164 164 164 164 164 164 164 164 165 161 121  87  67  87 160 216 223
  192 167 164 164 164 164 164 164 164 164]
 [164 164 164 164 164 164 164 164 164 162 137  92  74  86 139 207 225 201
  175 164 164 164 164 164 164 164 164 164]
 [164 164 164 164 164 164 164 164 165 149 112  71  70 122 199 247 214 181
  166 164 164 164 164 164 164 164 164 164]
 [164 164 164 164 164 164 164 164 159 122  81  45  81 175 247 255 196 168
  164 164 164 164 164 164 164 164 164 164]
 [164 164 164 164 164 164 164 164 147  94  42  17 102 196 249 239 181 164
  164 164 164 164 164 164 164 164 164 164]
 [164 164 164 164 164 164 164 164 136  67   8   0  97 194 232 215 174 164
  164 164 164 164 164 164 164 164 164 164]
 [164 164 164 164 164 164 164 164 138  84  42  39 108 189 214 197 170 164
  164 164 164 164 164 164 164 164 164 164]
 [164 164 164 164 164 164 164 164 143 103  76  90 147 195 193 176 166 164
  164 164 164 164 164 164 164 164 164 164]]