[[226 226 226 226 226 226 226 226 226 226 226 226 226 226 226 226 226 226
  226 226 226 226 226 226 226 226 226 226]
 [226 226 226 226 226 226 226 226 226 226 226 226 226 226 226 226 226 226
  226 226 226 226 226 226 226 226 226 226]
 [226 226 226 226 226 226 226 226 226 226 226 226 226 226 226 226 226 226
  226 226 226 226 226 226 226 226 226 226]
 [226 226 226 226 226 226 226 226 226 226 226 226 226 226 226 226 226 226
  226 226 226 226 226 226 226 226 226 226]
 [226 226 226 226 226 226 226 226 226 226 226 226 226 226 226 226 226 226
  226 226 226 226 226 226 226 226 226 226]
 [226 226 226 226 233 247 255 251 237 230 222 224 224 226 226 226 226 226
  226 226 226 226 226 226 226 226 226 226]
 [226 226 226 226 243 254 251 227 218 219 226 234 244 250 253 253 253 253
  250 238 225 219 223 226 226 226 226 226]
 [226 226 226 226 219 195 162 124 106 126 152 171 185 194 202 200 198 198
  200 196 186 187 203 222 226 226 226 226]
 [226 226 226 226 198 155 108  62  36  35  50  53  61  64  71  67  62  79
   98 111 109 134 178 214 226 226 226 226]
 [226 226 226 226 201 161 131 101  81  73  63  51  38  31  27  26  31  51
   53  43  54  89 158 208 226 226 226 226]
 [226 226 226 226 210 194 179 173 167 155 141 130 117 104  99  99 118 111
   71  37  47  98 165 212 226 226 226 226]
 [226 226 226 226 222 218 217 214 214 208 198 195 192 188 184 195 203 165
   90  55  67 126 192 221 226 226 226 226]
 [226 226 226 226 226 226 226 226 226 225 222 223 220 221 225 240 221 137
   60  42  89 157 211 227 226 226 226 226]
 [226 226 226 226 226 226 226 226 226 226 226 226 226 226 236 234 181  84
   39  55 119 190 223 226 226 226 226 226]
 [226 226 226 226 226 226 226 226 226 226 226 226 226 226 236 209 129  55
   39  91 163 211 225 226 226 226 226 226]
 [226 226 226 226 226 226 226 226 226 226 226 226 226 236 235 180  91  49
   65 130 198 227 227 226 226 226 226 226]
 [226 226 226 226 226 226 226 226 226 226 226 226 232 249 221 135  66  57
  103 172 217 227 226 226 226 226 226 226]
 [226 226 226 226 226 226 226 226 226 226 226 227 245 241 180  86  52  75
  138 201 226 226 226 226 226 226 226 226]
 [226 226 226 226 226 226 226 226 226 226 226 243 249 208 110  49  47 104
  173 218 227 226 226 226 226 226 226 226]
 [226 226 226 226 226 226 226 226 226 226 229 244 220 143  51  27  74 140
  204 226 226 226 226 226 226 226 226 226]
 [226 226 226 226 226 226 226 226 226 228 246 236 171  70  25  48 114 185
  219 227 226 226 226 226 226 226 226 226]
 [226 226 226 226 226 226 226 226 226 237 247 206 112  46  31  90 166 213
  227 226 226 226 226 226 226 226 226 226]
 [226 226 226 226 226 226 226 226 231 245 226 159  74  36  64 137 202 226
  226 226 226 226 226 226 226 226 226 226]
 [226 226 226 226 226 226 226 226 235 233 188 104  41  34  83 166 218 227
  226 226 226 226 226 226 226 226 226 226]
 [226 226 226 226 226 226 226 226 228 204 140  45   0  31 109 176 220 226
  226 226 226 226 226 226 226 226 226 226]
 [226 226 226 226 226 226 226 226 208 149  76  14  16  65 138 196 222 226
  226 226 226 226 226 226 226 226 226 226]
 [226 226 226 226 226 226 226 226 203 149 101  74  89 134 187 215 224 226
  226 226 226 226 226 226 226 226 226 226]
 [226 226 226 226 226 226 226 226 212 182 158 156 175 195 218 229 226 226
  226 226 226 226 226 226 226 226 226 226]]