[[ 65  65  65  65  65  65  65  65  65  65  65  65  65  65  65  65  65  65
   65  65  65  65  65  65  65  65  65  65]
 [ 65  65  65  65  65  65  65  65  65  65  65  65  65  65  65  65  65  65
   65  65  65  65  65  65  65  65  65  65]
 [ 65  65  65  65  65  65  65  65  65  65  65  65  65  65  65  65  65  65
   65  65  65  65  65  65  65  65  65  65]
 [ 65  65  65  65  65  65  65  65  65  65  65  65  65  65  65  65  65  65
   65  65  65  65  65  65  65  65  65  65]
 [ 65  65  65  65  65  65  65  65  65  65  65  65  65  65  65  65  65  65
   65  65  65  65  65  65  65  65  65  65]
 [ 65  65  65  65  61  56  61  56  41  31  34  42  55  61  65  65  65  65
   65  65  65  65  65  65  65  65  65  65]
 [ 65  65  65  65  58  74  99  93  51  27  15   5   6  12  20  20  20  20
   21  27  28  27  40  59  65  65  65  65]
 [ 65  65  65  65  84 130 183 193 147 115 102  80  65  54  60  61  59  57
   55  54  42  14  12  44  65  65  65  65]
 [ 65  65  65  65 102 163 204 220 195 196 195 196 183 171 172 178 169 156
  154 151 101  19   0  39  65  65  65  65]
 [ 65  65  65  65  97 126 132 133 157 179 204 210 211 206 204 211 195 194
  218 219 137  32  18  48  65  65  65  65]
 [ 65  65  65  65  73  67  52  60  77  95 111 121 130 136 136 138 121 159
  228 211 115  40  44  65  65  65  65  65]
 [ 65  65  65  65  65  60  53  55  58  53  53  48  55  60  63  53  70 154
  217 156  42  26  62  73  65  65  65  65]
 [ 65  65  65  65  65  65  65  65  65  65  64  60  61  62  55  56 116 216
  201  81  17  46  77  69  65  65  65  65]
 [ 65  65  65  65  65  65  65  65  65  65  65  65  65  65  62  90 182 236
  150  26  27  69  72  66  65  65  65  65]
 [ 65  65  65  65  65  65  65  65  65  65  65  65  65  65  68 132 225 205
   74  16  50  82  70  65  65  65  65  65]
 [ 65  65  65  65  65  65  65  65  65  65  65  65  65  59  86 176 224 135
   19  21  72  76  67  65  65  65  65  65]
 [ 65  65  65  65  65  65  65  65  65  65  65  65  61  61 123 207 176  62
   17  51  80  67  65  65  65  65  65  65]
 [ 65  65  65  65  65  65  65  65  65  65  65  64  58  91 180 212 115  17
   27  73  73  66  65  65  65  65  65  65]
 [ 65  65  65  65  65  65  65  65  65  65  65  56  77 152 222 169  51  14
   55  79  67  65  65  65  65  65  65  65]
 [ 65  65  65  65  65  65  65  65  65  65  64  66 126 224 219  95  15  41
   75  73  65  65  65  65  65  65  65  65]
 [ 65  65  65  65  65  65  65  65  65  64  56  97 192 228 147  29  34  67
   80  67  65  65  65  65  65  65  65  65]
 [ 65  65  65  65  65  65  65  65  65  60  74 155 230 181  53  10  50  83
   71  65  65  65  65  65  65  65  65  65]
 [ 65  65  65  65  65  65  65  65  62  64 117 204 209 104   1   9  71  76
   66  65  65  65  65  65  65  65  65  65]
 [ 65  65  65  65  65  65  65  65  63  91 178 242 185  56   8  23  68  67
   65  65  65  65  65  65  65  65  65  65]
 [ 65  65  65  65  65  65  65  65  72 129 217 255 157  58  45  55  64  65
   65  65  65  65  65  65  65  65  65  65]
 [ 65  65  65  65  65  65  65  65  92 168 230 235 152  85  67  70  67  65
   65  65  65  65  65  65  65  65  65  65]
 [ 65  65  65  65  65  65  65  65  91 141 162 140  94  72  74  84  69  65
   65  65  65  65  65  65  65  65  65  65]
 [ 65  65  65  65  65  65  65  65  79  94  87  62  59  76  88  73  66  65
   65  65  65  65  65  65  65  65  65  65]]