tensor([[[ 0.1779, -0.0050, -0.1049, -0.2607, -0.3407],
         [ 0.3339,  0.1287, -0.2743, -0.2871, -0.3411],
         [ 0.2513, -0.0568, -0.2838, -0.1045, -0.3172],
         [ 0.3763,  0.1256, -0.0976, -0.2922, -0.4057],
         [ 0.1851,  0.3153,  0.3372,  0.0117,  0.0196]]]), Bias: 0.24802297353744507 
tensor([[[ 0.0992,  0.0278, -0.1677, -0.1178, -0.2488],
         [-0.2810, -0.2954, -0.3194, -0.4354, -0.3118],
         [-0.2409, -0.5711, -0.5188, -0.4447, -0.4554],
         [-0.3386, -0.3392, -0.3764, -0.3175, -0.0944],
         [ 0.0154, -0.2658,  0.1566,  0.3353,  0.4159]]]), Bias: 0.6886997222900391 
tensor([[[-0.2630, -0.3318, -0.5245, -0.3792, -0.2585],
         [-0.4933, -0.5409, -0.0826, -0.2502, -0.0244],
         [-0.3141, -0.3238,  0.0704,  0.1001,  0.1583],
         [-0.0065,  0.1585,  0.4673,  0.2835,  0.2311],
         [ 0.5235,  0.3872,  0.5451,  0.1437,  0.4669]]]), Bias: 0.30729934573173523 
tensor([[[-0.3181, -0.2786,  0.1095,  0.2893,  0.1499],
         [ 0.0768,  0.1270,  0.2536,  0.3591,  0.4392],
         [-0.0027, -0.0104,  0.4784,  0.3013,  0.4305],
         [ 0.0391,  0.0162,  0.4304,  0.4004,  0.0893],
         [-0.1697,  0.2647,  0.3020,  0.3584,  0.0296]]]), Bias: -0.4672234356403351 
tensor([[[-0.0221, -0.0978, -0.3012, -0.3796, -0.1581],
         [-0.2986, -0.4543, -0.4953, -0.4695, -0.1750],
         [-0.2152, -0.3008, -0.3216, -0.2889,  0.0462],
         [-0.0908,  0.0815, -0.0883,  0.1840,  0.3269],
         [ 0.2797,  0.0487,  0.3147,  0.4668,  0.5165]]]), Bias: 0.021929418668150902 
tensor([[[ 0.0718,  0.1011, -0.1915, -0.2222, -0.0034],
         [ 0.1739, -0.0377,  0.1269,  0.2400,  0.3378],
         [-0.2390,  0.1052,  0.2295,  0.4185,  0.3153],
         [-0.2062,  0.0942,  0.3803,  0.3302,  0.1818],
         [-0.3863, -0.2567,  0.0744,  0.0294, -0.1664]]]), Bias: -0.5738982558250427 
