[[ 25  25  25  25  25  25  25  25  25  25  25  25  25  25]
 [ 25  25  25  25  25  25  25  25  25  25  25  25  25  25]
 [ 25  25  27  41  40  28  24  25  25  25  25  25  25  25]
 [ 25  25  56 137 132 113  99  99  99  95  57  22  25  25]
 [ 25  25  87 164 161 167 172 182 180 211 116  24  25  25]
 [ 25  25  44  59  52  74  79  88 137 237  65  13  25  25]
 [ 25  25  25  25  25  27  26  42 194 199  20  11  25  25]
 [ 25  25  25  25  25  25  25  99 246  91   0  22  25  25]
 [ 25  25  25  25  25  25  43 199 182  11  14  25  25  25]
 [ 25  25  25  25  25  29 140 242  78   2  23  25  25  25]
 [ 25  25  25  25  25  82 245 149   9  15  25  25  25  25]
 [ 25  25  25  25  41 196 250  42   3  24  25  25  25  25]
 [ 25  25  25  25  79 255 163   8  22  25  25  25  25  25]
 [ 25  25  25  25  77 144  50   0  23  25  25  25  25  25]]