[[171 171 171 171 171 171 171 171 171 171 171 171 171 171]
 [171 171 171 171 171 171 171 171 171 171 171 171 171 171]
 [171 171 171 180 191 182 173 171 171 171 171 171 171 171]
 [171 171 136 134 198 229 228 220 221 225 231 191 171 171]
 [171 171 112  55  99 108 116 113 118 131 242 222 171 171]
 [171 171 142 123 122 102 105 105  72  89 234 221 171 171]
 [171 171 171 171 170 167 165 147  70 118 240 190 171 171]
 [171 171 171 171 171 171 171 109  62 196 222 174 171 171]
 [171 171 171 171 171 171 154  77 128 241 185 171 171 171]
 [171 171 171 171 171 164 102  89 206 217 172 171 171 171]
 [171 171 171 171 170 129  71 152 231 183 171 171 171 171]
 [171 171 171 171 153  70 110 255 200 171 171 171 171 171]
 [171 171 171 171 109   0 151 251 178 171 171 171 171 171]
 [171 171 171 171 116  52 165 206 173 171 171 171 171 171]]