[[159 159 159 159 159 159 159 159 159 159 159 159 159 159]
 [159 159 159 159 159 159 159 159 159 159 159 159 159 159]
 [159 159 170 183 179 168 161 159 159 159 159 159 159 159]
 [159 159 204 223 230 240 252 255 254 242 192 169 159 159]
 [159 159 140  58  25  54  77  85 102 139 119 150 159 159]
 [159 159 143 109  90  63  44  38 101  53  49 128 159 159]
 [159 159 159 159 159 156 154 188 195  47  74 150 159 159]
 [159 159 159 159 159 159 163 216 100  36 119 158 159 159]
 [159 159 159 159 159 160 202 196  51  84 153 159 159 159]
 [159 159 159 159 159 180 233  97  44 127 159 159 159 159]
 [159 159 159 159 165 226 146  23  86 154 159 159 159 159]
 [159 159 159 159 194 223  74  67 144 159 159 159 159 159]
 [159 159 159 159 182 101   0  90 156 159 159 159 159 159]
 [159 159 159 159 133  35  36 129 158 159 159 159 159 159]]