[[236 236 236 236 236 236 236 236 236 236 236 236 236 236]
 [236 236 236 236 236 236 236 236 236 236 236 236 236 236]
 [236 236 244 252 240 234 235 236 236 236 236 236 236 236]
 [236 236 238 195 166 200 227 237 235 230 210 227 236 236]
 [236 236 180  86  34  31  24  24  33  57  82 193 236 236]
 [236 236 218 200 188 165 146 139 145  42  68 202 236 236]
 [236 236 236 236 235 234 233 246 152  25 132 231 236 236]
 [236 236 236 236 236 236 239 223  63  64 205 236 236 236]
 [236 236 236 236 236 236 255 152  41 149 234 236 236 236]
 [236 236 236 236 236 248 211  38  76 211 236 236 236 236]
 [236 236 236 236 240 245  86  25 169 235 236 236 236 236]
 [236 236 236 236 248 169  22 101 227 236 236 236 236 236]
 [236 236 236 236 202  49   0 151 233 236 236 236 236 236]
 [236 236 236 236 189 112 144 220 236 236 236 236 236 236]]