[[134 134 134 134 134 134 134 134 134 134 134 134 134 134]
 [134 134 134 134 134 134 134 134 134 134 134 134 134 134]
 [134 134 141 153 161 150 137 134 134 134 134 134 134 134]
 [134 134 168 228 251 247 253 254 255 245 204 155 134 134]
 [134 134 134 106  59  92 123 140 154 181 169 134 134 134]
 [134 134 118  82  51  34  14  12  56 105  66  87 134 134]
 [134 134 134 134 134 131 126 149 199 142  37 113 134 134]
 [134 134 134 134 134 134 137 183 180  57  67 131 134 134]
 [134 134 134 134 134 134 164 208 139  41 118 134 134 134]
 [134 134 134 134 134 149 209 197  57  78 133 134 134 134]
 [134 134 134 134 138 186 213  88  34 121 134 134 134 134]
 [134 134 134 134 159 225 176  54 102 133 134 134 134 134]
 [134 134 134 134 160 165  63  43 127 134 134 134 134 134]
 [134 134 134 134 120  58   0  77 131 134 134 134 134 134]]