[[ 63  63  63  63  63  63  63  63  63  63  63  63  63  63]
 [ 63  63  63  63  63  63  63  63  63  63  63  63  63  63]
 [ 63  63  59  59  46  47  58  63  63  63  63  63  63  63]
 [ 63  63  87 150  85  46  27  34  32  33  20  32  63  63]
 [ 63  63 127 184 195 217 208 206 191 199  70  18  63  63]
 [ 63  63  64  51  69  83  97  99 132 219  52  58  63  63]
 [ 63  63  63  63  63  61  60  63 202 118  33  69  63  63]
 [ 63  63  63  63  63  63  61 120 213  25  68  64  63  63]
 [ 63  63  63  63  63  62  66 194  93  36  70  63  63  63]
 [ 63  63  63  63  63  60 153 189  23  68  63  63  63  63]
 [ 63  63  63  63  61  97 225  57  55  69  63  63  63  63]
 [ 63  63  63  63  68 199 146   0  69  63  63  63  63  63]
 [ 63  63  63  63 119 255 117  56  63  63  63  63  63  63]
 [ 63  63  63  63 104 117  74  79  64  63  63  63  63  63]]